1 0.128125 0.59609375 0.23046875 0.10078125
1 0.3453125 0.66328125 0.0484375 0.05
1 0.39453125 0.68046875 0.05234375 0.04375
1 0.45859375 0.71171875 0.05234375 0.040625
1 0.2640625 0.640625 0.05390625 0.0328125
1 0.06484375 0.2640625 0.1296875 0.05
1 0.2140625 0.325 0.17265625 0.10625
1 0.5171875 0.39453125 0.26796875 0.0890625
1 0.8359375 0.5734375 0.0421875 0.04765625
1 0.95546875 0.65234375 0.0890625 0.0859375
0 0.60625 0.35546875 0.45859375 0.14140625
0 0.85546875 0.4703125 0.2890625 0.23671875
0 0.26640625 0.31875 0.19375 0.1390625