1 0.1484375 0.44765625 0.13046875 0.2359375
1 0.45546875 0.28125 0.15703125 0.30234375
1 0.496875 0.5421875 0.10859375 0.15078125
1 0.80546875 0.4125 0.3171875 0.39921875
1 0.42109375 0.8484375 0.0671875 0.175
1 0.5125 0.825 0.04453125 0.1359375
1 0.35859375 0.61796875 0.053125 0.0953125
1 0.2953125 0.63984375 0.0484375 0.096875
1 0.19609375 0.66484375 0.04765625 0.10859375
1 0.30859375 0.37578125 0.109375 0.24140625
1 0.203125 0.87734375 0.03828125 0.10234375
1 0.2875 0.865625 0.0390625 0.1140625
1 0.684375 0.809375 0.0484375 0.18984375
1 0.74609375 0.81171875 0.0296875 0.1765625