1 0.13828125 0.690625 0.215625 0.146875
1 0.31484375 0.740625 0.1640625 0.13515625
1 0.428125 0.746875 0.08359375 0.09296875
1 0.5796875 0.7453125 0.07890625 0.12734375
1 0.6984375 0.7625 0.0515625 0.08828125
1 0.89140625 0.82421875 0.0828125 0.06875
1 0.96953125 0.796875 0.046875 0.10078125
1 0.6265625 0.4203125 0.0703125 0.11015625
1 0.89609375 0.43046875 0.05 0.09296875
1 0.809375 0.41328125 0.05078125 0.06328125
0 0.99765625 0.79453125 0.0046875 0.00078125
0 0.496875 0.40390625 0.99375 0.8078125