1 0.5578125 0.34375 0.14296875 0.35078125
1 0.05859375 0.34921875 0.1171875 0.12109375
1 0.2671875 0.428125 0.159375 0.11796875
1 0.446875 0.4859375 0.15859375 0.12578125
1 0.94609375 0.32265625 0.1078125 0.22578125
1 0.7546875 0.5578125 0.1796875 0.13671875
1 0.85703125 0.64375 0.13125 0.1421875
1 0.73515625 0.77890625 0.18671875 0.1046875
1 0.5859375 0.89609375 0.35625 0.1296875
1 0.89609375 0.92109375 0.2078125 0.13515625
1 0.21875 0.8390625 0.42578125 0.18125
1 0.43984375 0.6734375 0.1640625 0.1109375
1 0.54765625 0.55703125 0.16015625 0.09453125
0 0.46015625 0.13984375 0.8671875 0.2796875