1 0.421875 0.778125 0.07265625 0.06640625
1 0.36640625 0.75703125 0.0203125 0.06015625
1 0.27734375 0.5015625 0.0703125 0.0875
1 0.634375 0.69375 0.0578125 0.09921875
1 0.70390625 0.73671875 0.06484375 0.075
1 0.79375 0.7640625 0.06171875 0.09765625
1 0.8796875 0.80859375 0.0609375 0.0859375
1 0.9 0.67578125 0.059375 0.0921875
1 0.94609375 0.72265625 0.04375 0.06015625
1 0.975 0.665625 0.05 0.04375
1 0.8015625 0.65 0.04296875 0.08515625
1 0.74453125 0.609375 0.05390625 0.1
1 0.65390625 0.56484375 0.07578125 0.1078125
1 0.56796875 0.53203125 0.07421875 0.06640625
1 0.55703125 0.65390625 0.0703125 0.071875
1 0.434375 0.446875 0.06953125 0.0671875
1 0.37578125 0.39296875 0.03828125 0.01640625
1 0.340625 0.55234375 0.04453125 0.0796875
1 0.41796875 0.5703125 0.05078125 0.0671875
1 0.47890625 0.63828125 0.04296875 0.05390625
0 0.74296875 0.871875 0.5046875 0.25625