1 0.01640625 0.671875 0.0328125 0.10859375
1 0.07109375 0.76484375 0.1203125 0.0515625
1 0.22734375 0.77109375 0.1234375 0.053125
1 0.35859375 0.78984375 0.07890625 0.06015625
1 0.44453125 0.82734375 0.09296875 0.04609375
1 0.57734375 0.8609375 0.10703125 0.10078125
1 0.64296875 0.9265625 0.13515625 0.075
1 0.90546875 0.95078125 0.1625 0.0984375
1 0.534375 0.27265625 0.0859375 0.02265625
1 0.696875 0.4171875 0.12578125 0.021875
1 0.8484375 0.42265625 0.1046875 0.02109375
0 0.38203125 0.3734375 0.7 0.225
0 0.33359375 0.909375 0.5453125 0.18125
0 0.9109375 0.83359375 0.13671875 0.1296875