0 0.625 0.25625 0.74921875 0.4625
1 0.14296875 0.47265625 0.1453125 0.09609375
1 0.56171875 0.559375 0.22109375 0.12265625
1 0.80859375 0.6 0.08359375 0.0609375
1 0.7859375 0.69921875 0.0609375 0.078125
1 0.95390625 0.603125 0.0921875 0.08125
1 0.95625 0.71328125 0.08671875 0.08828125
1 0.84453125 0.803125 0.1234375 0.07734375
1 0.984375 0.8765625 0.03046875 0.075
1 0.66328125 0.91796875 0.0625 0.1171875
1 0.48515625 0.9140625 0.09296875 0.10546875
1 0.60703125 0.6828125 0.08671875 0.10234375
1 0.6515625 0.72734375 0.04140625 0.12421875
1 0.428125 0.6609375 0.075 0.10703125
1 0.53515625 0.74140625 0.07421875 0.0765625
1 0.44296875 0.765625 0.06875 0.06640625
1 0.3046875 0.59140625 0.06484375 0.09453125
1 0.4046875 0.578125 0.10390625 0.04765625
1 0.2625 0.5234375 0.06484375 0.065625
1 0.35078125 0.5078125 0.09921875 0.0546875