1 0.10546875 0.70390625 0.13046875 0.06484375
1 0.2046875 0.59296875 0.05546875 0.0578125
1 0.16640625 0.64609375 0.04453125 0.03828125
1 0.31875 0.60859375 0.07265625 0.0453125
1 0.45234375 0.6015625 0.0484375 0.046875
1 0.54296875 0.6 0.14921875 0.12734375
1 0.6421875 0.875 0.0609375 0.05859375
1 0.57734375 0.95859375 0.0734375 0.04296875
1 0.96015625 0.74453125 0.0765625 0.0828125
1 0.79765625 0.6328125 0.196875 0.04765625
1 0.65546875 0.6859375 0.08203125 0.05703125
1 0.0953125 0.47578125 0.04609375 0.0390625
1 0.27890625 0.459375 0.09296875 0.05
1 0.55078125 0.41328125 0.0640625 0.04921875
1 0.42421875 0.50859375 0.04453125 0.053125
0 0.42265625 0.4703125 0.684375 0.34765625
0 0.7140625 0.8015625 0.2359375 0.1109375
1 0.9328125 0.56484375 0.02890625 0.1296875