1 0.065625 0.1921875 0.13125 0.10703125
1 0.44765625 0.146875 0.2328125 0.23046875
1 0.734375 0.1375 0.18125 0.23671875
1 0.95546875 0.08359375 0.08828125 0.14921875
1 0.91484375 0.25546875 0.1703125 0.178125
1 0.73203125 0.51015625 0.1421875 0.18828125
1 0.734375 0.80859375 0.1296875 0.18828125
1 0.925 0.61171875 0.15 0.26484375
1 0.26796875 0.48515625 0.0984375 0.1171875
1 0.1953125 0.54140625 0.11328125 0.15546875
1 0.35234375 0.73984375 0.1046875 0.190625
1 0.528125 0.7546875 0.0515625 0.13046875