1 0.74609375 0.15546875 0.26953125 0.3109375
1 0.396875 0.5 0.2453125 0.2109375
1 0.12265625 0.79140625 0.075 0.1984375
1 0.2171875 0.78828125 0.05546875 0.21171875
1 0.31953125 0.778125 0.06953125 0.21953125
1 0.43984375 0.78671875 0.06484375 0.23359375
1 0.615625 0.75390625 0.1171875 0.203125
1 0.88515625 0.83203125 0.05390625 0.15859375
1 0.9390625 0.85859375 0.04609375 0.13515625
1 0.9421875 0.63984375 0.05546875 0.11953125
1 0.8953125 0.6359375 0.04765625 0.1484375
1 0.77890625 0.59140625 0.040625 0.16796875
0 0.40703125 0.30234375 0.32734375 0.3390625
0 0.16796875 0.57109375 0.15 0.14375
0 0.6265625 0.5859375 0.12265625 0.15234375