1 0.12109375 0.84609375 0.19453125 0.2546875
1 0.07890625 0.6453125 0.10859375 0.14296875
1 0.61640625 0.7890625 0.7671875 0.234375
1 0.77578125 0.22578125 0.39609375 0.16953125
1 0.759375 0.36796875 0.1375 0.221875
1 0.46953125 0.39453125 0.1671875 0.146875
1 0.40234375 0.2703125 0.078125 0.1671875
1 0.4859375 0.225 0.07421875 0.1484375
1 0.184375 0.3390625 0.07578125 0.1390625
1 0.27890625 0.4796875 0.090625 0.12421875
1 0.1046875 0.46171875 0.12265625 0.1640625
0 0.5765625 0.66015625 0.77421875 0.22421875
0 0.6578125 0.09140625 0.52421875 0.1625
0 0.06484375 0.1859375 0.10859375 0.275
0 0.2859375 0.18046875 0.16484375 0.328125