1 0.7796875 0.48828125 0.196875 0.590625
1 0.228125 0.35703125 0.14609375 0.1765625
1 0.3796875 0.27890625 0.08046875 0.1234375
1 0.521875 0.16640625 0.14609375 0.23984375
1 0.53359375 0.43046875 0.1171875 0.24296875
1 0.55 0.71953125 0.1859375 0.25234375
1 0.4484375 0.85390625 0.1734375 0.12578125
1 0.71875 0.83359375 0.1390625 0.14453125
0 0.2875 0.128125 0.26015625 0.19296875
0 0.71796875 0.09765625 0.271875 0.19140625
0 0.23359375 0.59921875 0.04609375 0.0828125
0 0.403125 0.49765625 0.03359375 0.1125