1 0.20703125 0.58046875 0.04765625 0.81171875
1 0.4125 0.95078125 0.05 0.09765625
1 0.33515625 0.78671875 0.08828125 0.40234375
1 0.6234375 0.77734375 0.075 0.17421875
1 0.5953125 0.91953125 0.0390625 0.096875
1 0.34609375 0.13515625 0.09609375 0.0921875
1 0.34765625 0.26875 0.0953125 0.08984375
1 0.37109375 0.51796875 0.04375 0.32109375
1 0.44921875 0.63203125 0.0828125 0.0640625
1 0.41484375 0.7859375 0.0375 0.16640625
1 0.50625 0.88046875 0.01875 0.05859375
1 0.471875 0.88046875 0.03125 0.05625
1 0.4921875 0.9578125 0.0578125 0.05
1 0.5375 0.103125 0.03984375 0.08671875
1 0.7046875 0.2171875 0.0515625 0.059375
1 0.63203125 0.21875 0.0625 0.0625
1 0.6265625 0.5 0.01875 0.03828125
1 0.646875 0.56953125 0.02890625 0.0578125
0 0.09296875 0.5 0.16171875 0.99921875
0 0.84609375 0.4984375 0.20234375 0.98828125
0 0.5171875 0.340625 0.6375 0.66015625