1 0.434375 0.47109375 0.39296875 0.4109375
1 0.85546875 0.640625 0.22421875 0.1578125
1 0.68828125 0.63046875 0.03359375 0.11640625
1 0.71171875 0.8828125 0.05 0.04765625
1 0.2484375 0.903125 0.0484375 0.06328125
1 0.559375 0.9109375 0.0640625 0.05078125
1 0.984375 0.7703125 0.03046875 0.06796875
1 0.771875 0.90546875 0.0953125 0.03359375
1 0.11015625 0.634375 0.2109375 0.13046875
1 0.21484375 0.096875 0.140625 0.14375
1 0.1625 0.4234375 0.159375 0.32578125
1 0.5125 0.77734375 0.1078125 0.215625
1 0.3390625 0.74765625 0.0921875 0.11171875
1 0.31875 0.89765625 0.06796875 0.05390625
1 0.48046875 0.91640625 0.0359375 0.0484375