1 0.95078125 0.6515625 0.0984375 0.28359375
1 0.94609375 0.87109375 0.1078125 0.13359375
1 0.546875 0.82578125 0.16015625 0.340625
1 0.6265625 0.7421875 0.05546875 0.309375
1 0.728125 0.940625 0.203125 0.11875
1 0.7765625 0.79453125 0.04375 0.17578125
1 0.696875 0.509375 0.078125 0.11875
1 0.70859375 0.71953125 0.0265625 0.05234375
1 0.8265625 0.6640625 0.034375 0.2171875
1 0.0953125 0.4921875 0.04453125 0.13125
1 0.04765625 0.6453125 0.05859375 0.203125
1 0.06875 0.8921875 0.11796875 0.15546875
1 0.3796875 0.86640625 0.1265625 0.24296875
1 0.4375 0.6953125 0.0859375 0.1515625
1 0.3296875 0.53671875 0.06328125 0.1765625
1 0.396875 0.53515625 0.05625 0.14609375
1 0.26640625 0.8375 0.03828125 0.10234375
1 0.12109375 0.775 0.04609375 0.096875
1 0.1859375 0.95703125 0.04765625 0.05078125
0 0.4203125 0.1953125 0.82421875 0.390625