1 0.14921875 0.69765625 0.2984375 0.0890625
1 0.51015625 0.57109375 0.0421875 0.084375
1 0.4609375 0.61796875 0.0734375 0.0671875
1 0.41484375 0.66640625 0.04375 0.05390625
1 0.94921875 0.43828125 0.0625 0.0765625
1 0.84375 0.3859375 0.05390625 0.08828125
1 0.75234375 0.40234375 0.13828125 0.071875
0 0.77734375 0.11953125 0.41796875 0.234375
1 0.5046875 0.1375 0.03984375 0.0828125
0 0.51640625 0.065625 0.10390625 0.109375
1 0.0265625 0.4125 0.03828125 0.1046875
1 0.27578125 0.15078125 0.0921875 0.12578125
1 0.05859375 0.2046875 0.03984375 0.075
1 0.0359375 0.30390625 0.03828125 0.0625
1 0.61171875 0.47578125 0.096875 0.1390625