1 0.8515625 0.58125 0.0625 0.0515625
1 0.61953125 0.72734375 0.09140625 0.06796875
1 0.77578125 0.63515625 0.0296875 0.04140625
1 0.72734375 0.7046875 0.06015625 0.03984375
1 0.63046875 0.57578125 0.0578125 0.084375
1 0.3203125 0.8765625 0.0296875 0.0390625
1 0.28515625 0.953125 0.03515625 0.06015625
1 0.18984375 0.953125 0.0140625 0.03359375
1 0.228125 0.96484375 0.02109375 0.0234375
1 0.05390625 0.70078125 0.0515625 0.07578125
1 0.1015625 0.5921875 0.0265625 0.05546875
1 0.16328125 0.60859375 0.03515625 0.05390625
1 0.2703125 0.60703125 0.1046875 0.1296875
1 0.325 0.68828125 0.0375 0.06484375
1 0.3734375 0.65078125 0.03125 0.059375
1 0.4 0.6453125 0.0296875 0.03984375
1 0.44140625 0.6265625 0.03671875 0.06328125
1 0.51328125 0.75859375 0.1140625 0.08671875
0 0.78203125 0.39921875 0.3984375 0.2765625
1 0.14140625 0.45234375 0.046875 0.05546875
1 0.0484375 0.47734375 0.0328125 0.04375
1 0.2625 0.4203125 0.08671875 0.06640625
0 0.35703125 0.78671875 0.12109375 0.0828125
0 0.2515625 0.38515625 0.46015625 0.25859375