1 0.06953125 0.50078125 0.1390625 0.2734375
1 0.028125 0.8078125 0.05625 0.1203125
1 0.2359375 0.846875 0.290625 0.109375
1 0.14375 0.93359375 0.28671875 0.078125
1 0.76796875 0.909375 0.2796875 0.10234375
1 0.45 0.3578125 0.08359375 0.08359375
1 0.6890625 0.68515625 0.09765625 0.05859375
1 0.6734375 0.559375 0.090625 0.10234375
1 0.3375 0.42265625 0.078125 0.071875
0 0.50625 0.20859375 0.93125 0.41328125
1 0.896875 0.59453125 0.04453125 0.0640625
1 0.9578125 0.6640625 0.05078125 0.05546875
1 0.83828125 0.821875 0.2 0.07109375